Missed_allCommonNeighborOf2NodesFromOptions_MAT,,,, :: Missed_howManyNodesAreWithin2LinkReach_MAT,,,, :: Missed_rememberNodesUsedInCommonNeighbor_MAT,,,,
Q1,Q2,Q3,Q4,Q5 :: Q1,Q2,Q3,Q4,Q5 :: Q1,Q2,Q3,Q4,Q5
0.0,0.0,0.0,0.0,0.0 :: 0.0,0.0,0.0,0.0,0.0 :: 2.0,2.0,2.0,2.0,3.0
0.0,0.0,0.0,0.0,0.0 :: 0.0,0.0,0.0,0.0,0.0 :: 2.0,2.0,2.0,2.0,3.0
0.0,0.0,0.0,0.0,0.0 :: 0.0,0.0,0.0,0.0,0.0 :: 2.0,2.0,2.0,2.0,3.0
0.0,0.0,0.0,0.0,0.0 :: 0.0,0.0,0.0,0.0,0.0 :: 2.0,2.0,2.0,2.0,3.0
0.0,0.0,0.0,0.0,0.0 :: 0.0,0.0,0.0,0.0,0.0 :: 2.0,2.0,2.0,2.0,3.0
0.0,0.0,0.0,0.0,0.0 :: 0.0,0.0,0.0,0.0,0.0 :: 2.0,2.0,2.0,2.0,3.0
0.0,0.0,0.0,0.0,0.0 :: 0.0,0.0,0.0,0.0,0.0 :: 2.0,2.0,2.0,2.0,3.0
0.0,0.0,0.0,0.0,0.0 :: 0.0,0.0,0.0,0.0,0.0 :: 2.0,2.0,2.0,2.0,3.0
0.0,0.0,0.0,0.0,0.0 :: 0.0,0.0,0.0,0.0,0.0 :: 2.0,2.0,2.0,2.0,3.0
0.0,0.0,0.0,0.0,0.0 :: 0.0,0.0,0.0,0.0,0.0 :: 2.0,2.0,2.0,2.0,3.0
0.0,0.0,0.0,0.0,0.0 :: 0.0,0.0,0.0,0.0,0.0 :: 2.0,2.0,2.0,2.0,3.0
0.0,0.0,0.0,0.0,0.0 :: 0.0,0.0,0.0,0.0,0.0 :: 2.0,2.0,2.0,2.0,3.0
0.0,0.0,0.0,0.0,0.0 :: 0.0,0.0,0.0,0.0,0.0 :: 2.0,2.0,2.0,2.0,3.0
0.0,0.0,0.0,0.0,0.0 :: 0.0,0.0,0.0,0.0,0.0 :: 2.0,2.0,2.0,2.0,3.0
0.0,0.0,0.0,0.0,0.0 :: 0.0,0.0,0.0,0.0,0.0 :: 2.0,2.0,2.0,2.0,3.0
0.0,0.0,0.0,0.0,0.0 :: 0.0,0.0,0.0,0.0,0.0 :: 2.0,2.0,2.0,2.0,3.0
0.0,0.0,0.0,0.0,0.0 :: 0.0,0.0,0.0,0.0,0.0 :: 2.0,2.0,2.0,2.0,3.0
0.0,0.0,0.0,0.0,0.0 :: 0.0,0.0,0.0,0.0,0.0 :: 2.0,2.0,2.0,2.0,3.0
0.0,0.0,0.0,0.0,0.0 :: 0.0,0.0,0.0,0.0,0.0 :: 2.0,2.0,2.0,2.0,3.0
0.0,0.0,0.0,0.0,0.0 :: 0.0,0.0,0.0,0.0,0.0 :: 2.0,2.0,2.0,2.0,3.0
0.0,0.0,0.0,0.0,0.0 :: 0.0,0.0,0.0,0.0,0.0 :: 2.0,2.0,2.0,2.0,3.0
0.0,0.0,0.0,0.0,0.0 :: 0.0,0.0,0.0,0.0,0.0 :: 2.0,2.0,2.0,2.0,3.0
0.0,0.0,0.0,0.0,0.0 :: 0.0,0.0,0.0,0.0,0.0 :: 2.0,2.0,2.0,2.0,3.0
0.0,0.0,0.0,0.0,0.0 :: 0.0,0.0,0.0,0.0,0.0 :: 2.0,2.0,2.0,2.0,3.0
0.0,0.0,0.0,0.0,0.0 :: 0.0,0.0,0.0,0.0,0.0 :: 2.0,2.0,2.0,2.0,3.0
0.0,0.0,0.0,0.0,0.0 :: 0.0,0.0,0.0,0.0,0.0 :: 2.0,2.0,2.0,2.0,3.0
0.0,0.0,0.0,0.0,0.0 :: 0.0,0.0,0.0,0.0,0.0 :: 2.0,2.0,2.0,2.0,2.0
0.0,0.0,0.0,0.0,0.0 :: 0.0,0.0,0.0,0.0,0.0 :: 2.0,2.0,2.0,2.0,3.0
0.0,0.0,0.0,0.0,0.0 :: 0.0,0.0,0.0,0.0,0.0 :: 2.0,2.0,2.0,2.0,3.0
0.0,0.0,0.0,0.0,0.0 :: 0.0,0.0,0.0,0.0,0.0 :: 2.0,2.0,2.0,2.0,3.0
0.0,0.0,0.0,0.0,0.0 :: 0.0,0.0,0.0,0.0,0.0 :: 2.0,2.0,2.0,2.0,3.0
0.0,0.0,0.0,0.0,0.0 :: 0.0,0.0,0.0,0.0,0.0 :: 2.0,2.0,2.0,2.0,3.0
0.0,0.0,0.0,0.0,0.0 :: 0.0,0.0,0.0,0.0,0.0 :: 2.0,2.0,2.0,2.0,3.0
0.0,0.0,0.0,0.0,0.0 :: 0.0,0.0,0.0,0.0,0.0 :: 2.0,2.0,2.0,2.0,3.0
0.0,0.0,0.0,0.0,0.0 :: 0.0,0.0,0.0,0.0,0.0 :: 2.0,2.0,2.0,2.0,3.0
0.0,0.0,0.0,0.0,0.0 :: 0.0,0.0,0.0,0.0,0.0 :: 2.0,2.0,2.0,2.0,3.0
0.0,0.0,0.0,0.0,0.0 :: 0.0,0.0,0.0,0.0,0.0 :: 2.0,2.0,2.0,2.0,3.0
0.0,0.0,0.0,0.0,0.0 :: 0.0,0.0,0.0,0.0,0.0 :: 2.0,2.0,2.0,2.0,3.0
0.0,0.0,0.0,0.0,0.0 :: 0.0,0.0,0.0,0.0,0.0 :: 2.0,2.0,2.0,2.0,3.0
0.0,0.0,0.0,0.0,0.0 :: 0.0,0.0,0.0,0.0,0.0 :: 2.0,2.0,2.0,2.0,3.0
0.0,0.0,0.0,0.0,0.0 :: 0.0,0.0,0.0,0.0,0.0 :: 2.0,2.0,2.0,2.0,3.0
0.0,0.0,0.0,0.0,0.0 :: 0.0,0.0,0.0,0.0,0.0 :: 2.0,2.0,2.0,2.0,3.0
0.0,0.0,0.0,0.0,0.0 :: 0.0,0.0,0.0,0.0,0.0 :: 1.0,2.0,2.0,2.0,3.0
0.0,0.0,0.0,0.0,0.0 :: 0.0,0.0,0.0,0.0,0.0 :: 2.0,2.0,2.0,2.0,3.0
0.0,0.0,0.0,0.0,0.0 :: 0.0,0.0,0.0,0.0,0.0 :: 2.0,2.0,2.0,2.0,3.0
0.0,0.0,0.0,0.0,0.0 :: 0.0,0.0,0.0,0.0,0.0 :: 2.0,2.0,2.0,2.0,3.0
0.0,0.0,0.0,0.0,0.0 :: 0.0,0.0,0.0,0.0,0.0 :: 2.0,2.0,2.0,2.0,3.0
0.0,0.0,0.0,0.0,0.0 :: 0.0,0.0,0.0,0.0,0.0 :: 2.0,2.0,2.0,2.0,3.0
0.0,0.0,0.0,0.0,0.0 :: 0.0,0.0,0.0,0.0,0.0 :: 2.0,2.0,2.0,2.0,3.0
0.0,0.0,0.0,0.0,0.0 :: 0.0,0.0,0.0,0.0,0.0 :: 2.0,2.0,2.0,2.0,3.0
