Acc_selectNodeWithHighestDegree2_NL,Acc_selectNodeWithHighestDegree2_MAT
1,0.7
0.6,0.7
1,0.8
0.9,0.8
0.6,0.7
0.9,0.4
1,0.9
1,0.5
1,0.7
1,0.8
0.9,0.6
0.8,0.6
0.9,0.7
0.9,0.5
0.8,0.9
0.9,1
0.9,0.6
0.9,0.9
0.9,0.8
0.9,0.9
0.9,0.7
0.9,0.8
0.9,0.7
0.9,0.8
0.8,0.8
1,0.6
1,0.8
1,0.9
1,0.8
0.8,0.6
1,0.6
1,0.7
0,0.8
1,0.4
1,1
1,0.7
1,0.6
1,1
1,0.9
1,0.9
1,0.9
1,0.8
0.9,0.9
1,0.8
1,0.6
1,0.7
1,0.8
1,0.9
1,0.6
1,0.8
0.9,0.5
1,0.8
1,0.9
1,0.7
0.8,0.4
1,0.63
1,0.925
0.8,0.836111111
1,null
1,null
1,null
1,null
1,null


Acc_selectAllNeigbhorsOf1Node_NL,Acc_selectAllNeigbhorsOf1Node_MAT
0.955555556,0.671666667
0.911111111,0.888888889
0.780555556,0.772222222
0.822222222,0.825
0.352777778,0.922222222
0,0.511111111
0.869444444,0.977777778
0.825,0.250555556
0.941666667,0.880555556
0.955555556,0.866666667
0.922222222,0.703888889
0.961111111,0.763888889
0.95,0.703888889
0.833333333,0.902222222
0.9,0.602777778
0.883333333,0.602777778
0.966666667,0.797222222
0.975,0.875
0.961111111,0.672222222
0.727777778,0.783333333
0.827777778,0.415
0.511111111,0.875
0.880555556,0.813333333
0.952777778,0.521666667
0.563333333,0.713333333
0.755555556,0.822222222
0.9,0.9
0.830555556,0.866666667
0.711111111,0.794444444
0.605555556,0.713888889
0.866666667,0.671111111
0.813888889,0.599444444
0.766666667,0.696666667
0.838888889,0.083333333
0.83,0.868888889
0.861111111,0.824444444
0.816666667,0.697222222
0.827777778,0.533333333
0.788888889,0.925
0.472222222,0.977777778
0.822222222,0.822222222
0.644444444,0.687777778
0.630555556,0.908333333
0.872222222,0.426666667
0.861111111,0.686666667
0.8,0.7
0.688888889,0.95
0.833333333,1
0.877777778,0.819444444
0.8,0.919444444
0.8,0.98
0.797222222,0.783333333
0.908333333,0.963333333
0.944444444,0.794444444
0.763888889,0.521111111
0.783333333,0.8
0.961111111,0.7
0.633333333,1
0.838888889,null
0.963888889,null
0.933333333,null
0.913333333,null
0.661111111,null


Acc_selectMoreInterconnectedCluster2Clusters_NL,Acc_selectMoreInterconnectedCluster2Clusters_MAT
0.8,0.8
0.7,0.8
0.6,0.8
0.9,0.8
0.6,0.5
0.8,0.8
0.8,0.8
0.7,0.8
0.7,0.8
0.7,0.8
0.7,0.7
0.8,0.9
0.8,0.7
0.7,0.8
0.7,0.8
0.5,0.8
0.8,0.8
0.8,0.9
0.8,0.8
0.8,0.8
0.8,0.9
0.8,0.9
0.8,0.9
0.8,0.8
0.6,0.8
0.8,0.7
0.8,0.9
0.8,0.8
0.9,0.8
0.8,0.9
0.8,0.8
0.9,0.7
0.7,0.8
0.7,0.8
0.9,0.8
0.9,0.8
0.8,0.8
0.8,0.7
0.8,0.8
0.8,0.7
0.8,0.7
0.7,0.8
0.8,0.7
0.8,0.9
0.8,0.6
0.9,0.7
0.8,0.5
0.7,0.8
0.8,0.7
0.8,0.7
0.8,0.7
0.8,0.9
0.8,0.8
0.8,0.9
0.5,0.7
0.8,0.6
0.8,0.7
0.8,0.8
0.8,null
0.8,null
0.8,null
0.8,null
0.7,null


Time_selectNodeWithHighestDegree2_NL,Time_selectNodeWithHighestDegree2_MAT
7.3,10.7
11.4,13.2
8.1,12.1
10.6,10.1
6.7,9.9
3.6,13.2
5.8,9.7
10,12.5
5.8,10.1
4.2,2.8
4,3.4
8.2,2.5
4.7,3.4
4.9,4.7
6.5,3.4
5.9,3.4
7.3,4.1
6.6,19
10.7,25.8
11.7,19.5
6.9,27.5
6.1,22
10.1,27.8
6.3,24.1
12.9,5.8
6.6,7.4
8.4,10.6
10,15.7
6.2,14.7
12.6,16.2
5.5,14.8
9.6,14.4
5.5,13.4
6.1,15.8
12.3,13.6
7.4,16.9
8.9,13.3
15.4,13.7
8.9,18.2
13.9,13.4
8.8,16.7
7.3,17.2
8.4,11.9
7.4,13.8
10,16.8
6.1,15.2
9.4,8.3
13.7,12.1
7.3,17.4
13.7,6.4
10,8.1
9.1,11.4
5.3,8.1
6.8,12.3
13.7,12.7
10.1,15.9
7.5,12.5
9.9,16.6
10.2,null
8.7,null
7.9,null
10.1,null
10.7,null


Time_selectAllNeigbhorsOf1Node_NL,Time_selectAllNeigbhorsOf1Node_MAT
16.2,20.1
19.9,20.3
14.3,21.7
18.9,20.1
21.7,18.5
3.3,25
17.8,20
19.9,23
14.5,21
15.1,9.1
16.2,8.3
17.4,9.1
18.9,8.3
19.2,11
18.8,10.1
19.7,10.1
20.7,11.5
18.5,5.3
20.5,3.5
26.1,2.2
22.1,6.9
13.1,2.4
23.6,6
23,4.2
28,4
17.3,15
17.8,26.3
22.7,23.5
16.2,23.2
27.5,27.8
17.4,24.5
25.3,20.4
19.5,26.4
19.7,26.3
20.3,30
19,26.2
18.8,24.5
23.3,23.7
17.5,29.6
19.4,18.7
20,22
19.5,30
15.9,26.1
19.5,21.3
22.6,28.4
16.3,26.7
23,14.3
26.3,19.3
15.9,28.5
26.2,14.4
22,18.8
25.9,23.4
18.7,19.8
17.3,26.5
26.8,22.5
27.8,25.4
17.8,20.5
26.9,27.5
19.2,null
16.9,null
15.7,null
22.9,null
24.3,null


Time_selectMoreInterconnectedCluster2Clusters_NL,Time_selectMoreInterconnectedCluster2Clusters_MAT
3.5,2.3
9.2,3.6
3,2.9
8.8,4.8
5.1,3
1.9,3.6
3.5,3.1
6.3,4.9
2.7,2.6
2.4,26.5
2.1,27
5.8,27.2
4,27
3.6,27.5
2.5,25.9
3.1,25.9
8.8,26.4
7.7,12
7.8,11.7
6.3,9.4
2.1,13.6
2.6,11.5
3.3,18.8
3.6,12
5.8,2.3
7.3,2.2
2.9,4.3
3.8,3.4
3,2.9
6.9,3.4
2.6,4.3
4.6,3.5
3.2,5.4
2.4,3.8
4,4.2
3.5,3.3
4,3.7
4.6,2.6
3.6,4.8
6.4,2.1
3,3.3
4.4,3.3
2.3,3.7
2.9,3.8
6.7,5.6
2.3,4.3
5.4,3
5.2,3.3
9.7,4.7
3.6,2.1
6,2.6
3.3,3.6
3.2,4.1
5.8,3.2
9.6,5
5.6,2.8
2.6,2.7
5.8,5.3
5.6,null
2.8,null
2.6,null
5.9,null
3.9,null


