Missed_isANodeConnectedToANamedNode_NL,,,, :: Missed_shortestPathBetween2Nodes_NL,,,, :: Missed_areTwoNamedNodesConnected_NL,,,,
Q1,Q2,Q3,Q4,Q5 :: Q1,Q2,Q3,Q4,Q5 :: Q1,Q2,Q3,Q4,Q5
0.0,0.0,0.0,0.0,0.0 :: 0.0,0.0,0.0,0.0,0.0 :: 0.0,0.0,0.0,0.0,0.0
0.0,0.0,0.0,0.0,0.0 :: 0.0,0.0,0.0,0.0,0.0 :: 0.0,0.0,0.0,0.0,0.0
0.0,0.0,0.0,0.0,0.0 :: 0.0,0.0,0.0,0.0,0.0 :: 0.0,0.0,0.0,0.0,0.0
0.0,0.0,0.0,0.0,0.0 :: 0.0,0.0,0.0,0.0,0.0 :: 0.0,0.0,0.0,0.0,0.0
0.0,0.0,0.0,0.0,0.0 :: 0.0,0.0,0.0,0.0,0.0 :: 0.0,0.0,0.0,0.0,0.0
0.0,0.0,0.0,0.0,0.0 :: 0.0,0.0,0.0,0.0,0.0 :: 0.0,0.0,0.0,0.0,0.0
0.0,0.0,0.0,0.0,0.0 :: 0.0,0.0,0.0,0.0,0.0 :: 0.0,0.0,0.0,0.0,0.0
0.0,0.0,0.0,0.0,0.0 :: 0.0,0.0,0.0,0.0,0.0 :: 0.0,0.0,0.0,0.0,0.0
0.0,0.0,0.0,0.0,0.0 :: 0.0,0.0,0.0,0.0,0.0 :: 0.0,0.0,0.0,0.0,0.0
0.0,0.0,0.0,0.0,0.0 :: 0.0,0.0,0.0,0.0,0.0 :: 0.0,0.0,0.0,0.0,0.0
0.0,0.0,0.0,0.0,0.0 :: 0.0,0.0,0.0,0.0,0.0 :: 0.0,0.0,0.0,0.0,0.0
0.0,0.0,0.0,0.0,0.0 :: 0.0,0.0,0.0,0.0,0.0 :: 0.0,0.0,0.0,0.0,0.0
0.0,0.0,0.0,0.0,0.0 :: 0.0,0.0,0.0,0.0,0.0 :: 0.0,0.0,0.0,0.0,0.0
0.0,0.0,0.0,0.0,0.0 :: 0.0,0.0,0.0,0.0,0.0 :: 0.0,0.0,0.0,0.0,0.0
0.0,0.0,0.0,0.0,0.0 :: 0.0,0.0,0.0,0.0,0.0 :: 0.0,0.0,0.0,0.0,0.0
0.0,0.0,0.0,0.0,0.0 :: 0.0,0.0,0.0,0.0,0.0 :: 0.0,0.0,0.0,0.0,0.0
0.0,0.0,0.0,0.0,0.0 :: 0.0,0.0,0.0,0.0,0.0 :: 0.0,0.0,0.0,0.0,0.0
0.0,0.0,0.0,0.0,0.0 :: 0.0,0.0,0.0,0.0,0.0 :: 0.0,0.0,0.0,0.0,0.0
0.0,0.0,0.0,0.0,0.0 :: 0.0,0.0,0.0,0.0,0.0 :: 0.0,0.0,0.0,0.0,0.0
0.0,0.0,0.0,0.0,0.0 :: 0.0,0.0,0.0,0.0,0.0 :: 0.0,0.0,0.0,0.0,0.0
0.0,0.0,0.0,0.0,0.0 :: 0.0,0.0,0.0,0.0,0.0 :: 0.0,0.0,0.0,0.0,0.0
0.0,0.0,0.0,0.0,0.0 :: 0.0,0.0,0.0,0.0,0.0 :: 0.0,0.0,0.0,0.0,0.0
0.0,0.0,0.0,0.0,0.0 :: 0.0,0.0,0.0,0.0,0.0 :: 0.0,0.0,0.0,0.0,0.0
0.0,0.0,0.0,0.0,0.0 :: 0.0,0.0,0.0,0.0,0.0 :: 0.0,0.0,0.0,0.0,0.0
0.0,0.0,0.0,0.0,0.0 :: 0.0,0.0,0.0,0.0,0.0 :: 0.0,0.0,0.0,0.0,0.0
0.0,0.0,0.0,0.0,0.0 :: 0.0,0.0,0.0,0.0,0.0 :: 0.0,0.0,0.0,0.0,0.0
0.0,0.0,0.0,0.0,0.0 :: 0.0,0.0,0.0,0.0,0.0 :: 0.0,0.0,0.0,0.0,0.0
0.0,0.0,0.0,0.0,0.0 :: 0.0,0.0,0.0,0.0,0.0 :: 0.0,0.0,0.0,0.0,0.0
0.0,0.0,0.0,0.0,0.0 :: 0.0,0.0,0.0,0.0,0.0 :: 0.0,0.0,0.0,0.0,0.0
0.0,0.0,0.0,0.0,0.0 :: 0.0,0.0,0.0,0.0,0.0 :: 0.0,0.0,0.0,0.0,0.0
0.0,0.0,0.0,0.0,0.0 :: 0.0,0.0,0.0,0.0,0.0 :: 0.0,0.0,0.0,0.0,0.0
0.0,0.0,0.0,0.0,0.0 :: 0.0,0.0,0.0,0.0,0.0 :: 0.0,0.0,0.0,0.0,0.0
0.0,0.0,0.0,0.0,0.0 :: 0.0,0.0,0.0,0.0,0.0 :: 0.0,0.0,0.0,0.0,0.0
0.0,0.0,0.0,0.0,0.0 :: 0.0,0.0,0.0,0.0,0.0 :: 0.0,0.0,0.0,0.0,0.0
0.0,0.0,0.0,0.0,0.0 :: 0.0,0.0,0.0,0.0,0.0 :: 0.0,0.0,0.0,0.0,0.0
0.0,0.0,0.0,0.0,0.0 :: 0.0,0.0,0.0,0.0,0.0 :: 0.0,0.0,0.0,0.0,0.0
0.0,0.0,0.0,0.0,0.0 :: 0.0,0.0,0.0,0.0,0.0 :: 0.0,0.0,0.0,0.0,0.0
0.0,0.0,0.0,0.0,0.0 :: 0.0,0.0,0.0,0.0,0.0 :: 0.0,0.0,0.0,0.0,0.0
0.0,0.0,0.0,0.0,0.0 :: 0.0,0.0,0.0,0.0,0.0 :: 0.0,0.0,0.0,0.0,0.0
0.0,0.0,0.0,0.0,0.0 :: 0.0,0.0,0.0,0.0,0.0 :: 0.0,0.0,0.0,0.0,0.0
0.0,0.0,0.0,0.0,0.0 :: 0.0,0.0,0.0,0.0,0.0 :: 0.0,0.0,0.0,0.0,0.0
0.0,0.0,0.0,0.0,0.0 :: 0.0,0.0,0.0,0.0,0.0 :: 0.0,0.0,0.0,0.0,0.0
0.0,0.0,0.0,0.0,0.0 :: 0.0,0.0,0.0,0.0,0.0 :: 0.0,0.0,0.0,0.0,0.0
0.0,0.0,0.0,0.0,0.0 :: 0.0,0.0,0.0,0.0,0.0 :: 0.0,0.0,0.0,0.0,0.0
0.0,0.0,0.0,0.0,0.0 :: 0.0,0.0,0.0,0.0,0.0 :: 0.0,0.0,0.0,0.0,0.0
0.0,0.0,0.0,0.0,0.0 :: 0.0,0.0,0.0,0.0,0.0 :: 0.0,0.0,0.0,0.0,0.0
0.0,0.0,0.0,0.0,0.0 :: 0.0,0.0,0.0,0.0,0.0 :: 0.0,0.0,0.0,0.0,0.0
0.0,0.0,0.0,0.0,0.0 :: 0.0,0.0,0.0,0.0,0.0 :: 0.0,0.0,0.0,0.0,0.0
0.0,0.0,0.0,0.0,0.0 :: 0.0,0.0,0.0,0.0,0.0 :: 0.0,0.0,0.0,0.0,0.0
0.0,0.0,0.0,0.0,0.0 :: 0.0,0.0,0.0,0.0,0.0 :: 0.0,0.0,0.0,0.0,0.0
0.0,0.0,0.0,0.0,0.0 :: 0.0,0.0,0.0,0.0,0.0 :: 0.0,0.0,0.0,0.0,0.0
