Acc_neighbor_one_step_arrow,Acc_neighbor_one_step_tapered,Acc_neighbor_one_step_circular
0.75,1.0,0.75
0.5,1.0,0.5
1.0,1.0,0.75
1.0,1.0,0.0
0.75,1.0,0.25
0.75,0.75,0.75
1.0,1.0,0.75
0.75,1.0,0.75
0.75,1.0,1.0
1.0,1.0,0.75
1.0,1.0,0.75
1.0,1.0,0.75
1.0,1.0,1.0
0.25,0.75,0.5
1.0,1.0,0.75
1.0,1.0,0.75
1.0,1.0,0.75
1.0,1.0,0.75
1.0,1.0,0.5
1.0,1.0,1.0
1.0,1.0,0.75
1.0,0.75,0.75
1.0,1.0,0.75
1.0,1.0,0.75
1.0,1.0,1.0
0.5,1.0,0.5
1.0,1.0,0.75
1.0,1.0,0.75
1.0,1.0,0.75
1.0,1.0,0.75
1.0,1.0,1.0
1.0,1.0,0.75
1.0,1.0,0.75
1.0,0.5,0.75
1.0,1.0,1.0
1.0,1.0,0.75
1.0,0.75,0.75
1.0,1.0,0.75
1.0,0.75,1.0
1.0,0.75,0.75
1.0,1.0,0.75
1.0,1.0,1.0
1.0,0.75,0.75
1.0,1.0,1.0
0.75,0.5,0.75
1.0,1.0,0.75
1.0,0.5,1.0
1.0,0.75,0.75
0.75,1.0,1.0
0.75,1.0,0.75
1.0,0.75,0.75
1.0,1.0,0.75
1.0,1.0,0.75
0.5,1.0,0.75
1.0,1.0,0.75
1.0,0.5,0.75
1.0,1.0,1.0
1.0,1.0,1.0
1.0,1.0,0.75
0.75,1.0,1.0
1.0,1.0,0.75
1.0,1.0,1.0


Acc_neighbor_two_step_arrow,Acc_neighbor_two_step_tapered,Acc_neighbor_two_step_circular
0.75,0.75,0.75
0.75,0.25,0.5
0.25,0.75,0.0
0.25,0.25,0.25
0.5,0.75,0.25
0.5,0.75,0.0
0.0,0.75,0.25
0.25,0.5,0.25
0.5,0.0,0.25
0.0,0.25,0.25
0.25,0.75,0.0
0.0,0.75,0.0
0.75,0.25,0.0
0.0,0.25,0.25
0.0,0.25,0.25
0.5,0.25,0.0
0.0,0.0,0.25
0.0,0.25,0.0
0.25,0.25,0.25
0.75,0.75,0.0
0.5,0.25,0.5
0.25,0.0,0.0
0.5,0.75,0.25
0.75,0.5,0.25
0.25,0.25,0.0
0.25,0.25,0.0
0.0,0.25,0.0
0.25,0.5,0.5
0.25,1.0,0.5
0.5,0.5,0.5
0.5,0.5,0.5
0.5,0.25,0.75
0.5,0.25,0.25
0.5,0.0,0.25
0.5,0.5,0.75
0.75,0.25,0.25
0.25,0.25,0.75
0.5,0.0,0.0
0.25,0.5,0.25
0.5,0.25,0.5
0.5,0.5,0.25
0.75,0.5,0.25
0.75,0.5,0.0
0.5,0.25,0.5
0.25,0.0,0.0
0.75,0.75,0.5
0.75,0.0,0.25
1.0,0.5,0.25
0.25,0.0,0.0
0.5,0.25,0.25
0.75,0.25,0.5
1.0,0.25,0.25
0.5,0.5,0.5
0.25,0.0,0.5
0.75,0.0,0.25
0.75,0.25,0.5
0.75,0.0,0.0
0.5,0.5,0.25
0.75,0.0,0.25
0.25,0.25,0.5
0.0,0.25,0.5
0.5,0.5,0.75


Time_neighbor_one_step_arrow,Time_neighbor_one_step_tapered,Time_neighbor_one_step_circular
5.0,4.5,3.75
2.25,1.75,2.75
4.25,3.25,2.75
3.75,2.5,3.0
4.5,1.25,2.75
5.0,4.75,4.5
4.75,3.5,5.0
4.5,3.75,4.5
2.75,3.5,3.5
4.0,4.5,4.75
4.5,4.5,5.0
5.0,5.0,5.0
4.25,3.75,3.5
5.0,5.0,5.0
4.75,4.5,4.75
4.75,4.0,4.25
5.0,5.0,5.0
5.0,5.0,5.0
4.75,4.0,4.75
4.75,4.5,4.5
4.25,4.5,5.0
5.0,4.75,5.0
5.0,5.0,5.0
4.75,5.0,4.75
4.75,4.5,4.5
4.75,4.75,5.0
5.0,4.25,5.0
4.25,4.5,3.25
5.0,5.0,5.0
4.0,4.0,4.0
4.0,4.0,4.0
5.0,4.75,5.0
5.0,4.75,4.75
5.0,4.5,3.0
4.75,4.75,5.0
5.0,5.0,5.0
5.0,5.0,5.0
4.75,4.75,4.5
4.75,5.0,4.75
4.5,5.0,4.75
4.25,3.25,3.25
4.0,5.0,4.75
4.0,5.0,4.25
5.0,4.0,5.0
5.0,5.0,5.0
4.75,5.0,5.0
4.5,4.75,4.0
4.0,5.0,4.0
4.75,4.75,4.75
5.0,5.0,5.0
5.0,5.0,3.75
4.5,4.75,5.0
3.5,4.75,4.75
5.0,5.0,5.0
4.25,4.0,4.5
4.5,4.5,4.5
4.0,4.5,4.5
5.0,4.75,3.75
5.0,4.5,4.0
5.0,4.75,4.75
5.0,3.25,1.0
4.5,3.75,5.0


Time_neighbor_two_step_arrow,Time_neighbor_two_step_tapered,Time_neighbor_two_step_circular
6.75,3.75,3.25
3.0,2.25,2.75
5.25,3.25,6.25
4.0,2.5,4.25
2.0,0.75,4.0
8.5,6.5,5.5
7.25,6.0,7.25
4.0,3.0,4.5
3.75,3.25,4.0
6.75,4.5,7.25
7.5,7.0,6.0
10.0,8.75,9.5
7.75,6.0,4.0
9.5,8.0,7.25
6.75,8.5,6.5
6.25,5.75,8.25
7.75,6.0,10.0
9.25,9.5,9.0
8.0,4.25,7.0
6.25,7.25,6.5
8.25,5.75,8.5
8.25,8.75,8.75
10.0,10.0,10.0
6.25,8.75,6.5
4.75,6.25,5.75
9.25,5.75,5.5
10.0,8.5,9.75
4.75,4.5,3.75
8.5,8.75,10.0
5.75,5.25,5.0
4.75,6.25,4.0
5.75,4.5,8.25
5.25,4.25,7.25
6.25,5.75,4.25
10.0,7.0,9.25
9.75,10.0,8.75
10.0,10.0,10.0
7.75,8.25,7.75
9.0,7.0,7.0
6.5,7.25,6.75
4.0,4.5,4.75
7.0,8.75,7.0
7.0,4.5,4.5
8.75,7.25,8.25
7.25,8.5,7.0
7.75,8.25,8.0
7.0,5.75,6.5
6.0,6.25,5.75
6.5,5.5,7.75
9.25,10.0,8.5
8.75,9.5,9.0
6.75,6.25,7.0
8.0,7.0,7.25
6.25,5.75,5.5
7.75,5.5,8.5
8.5,6.75,6.0
7.0,6.5,6.75
6.75,7.25,6.0
7.25,5.75,7.5
8.5,6.75,8.25
6.25,3.75,1.25
8.5,9.0,9.25


