Missed_selectNodeWithHighestDegree2_MAT,,,,,,,,, :: Missed_selectAllNeigbhorsOf1Node_MAT,,,,,,,,, :: Missed_selectMoreInterconnectedCluster2Clusters_MAT,,,,,,,,,
Q1,Q2,Q3,Q4,Q5,Q6,Q7,Q8,Q9,Q10 :: Q1,Q2,Q3,Q4,Q5,Q6,Q7,Q8,Q9,Q10 :: Q1,Q2,Q3,Q4,Q5,Q6,Q7,Q8,Q9,Q10
0.0,0.0,0.0,0.0,0.0,0.0,0.0,0.0,0.0,0.0 :: 0.0,3.0,1.0,3.0,1.0,1.0,4.0,2.0,1.0,0.0 :: 0.0,0.0,0.0,0.0,0.0,0.0,0.0,0.0,0.0,0.0
0.0,0.0,0.0,0.0,0.0,0.0,0.0,0.0,0.0,0.0 :: 0.0,2.0,0.0,1.0,0.0,0.0,0.0,2.0,0.0,0.0 :: 0.0,0.0,0.0,0.0,0.0,0.0,0.0,0.0,0.0,0.0
0.0,0.0,0.0,0.0,0.0,0.0,0.0,0.0,0.0,0.0 :: 2.0,2.0,0.0,1.0,0.0,0.0,6.0,1.0,0.0,0.0 :: 0.0,0.0,0.0,0.0,0.0,0.0,0.0,0.0,0.0,0.0
0.0,0.0,0.0,0.0,0.0,0.0,0.0,0.0,0.0,0.0 :: 1.0,2.0,0.0,3.0,2.0,0.0,3.0,0.0,0.0,0.0 :: 0.0,0.0,0.0,0.0,0.0,0.0,0.0,0.0,0.0,0.0
0.0,0.0,0.0,0.0,0.0,0.0,0.0,0.0,0.0,0.0 :: 0.0,2.0,0.0,4.0,0.0,0.0,0.0,0.0,0.0,0.0 :: 0.0,0.0,0.0,0.0,0.0,0.0,0.0,0.0,0.0,0.0
0.0,0.0,0.0,0.0,0.0,0.0,0.0,0.0,0.0,0.0 :: 1.0,6.0,3.0,2.0,1.0,5.0,5.0,2.0,0.0,0.0 :: 0.0,0.0,0.0,0.0,0.0,0.0,0.0,0.0,0.0,0.0
0.0,0.0,0.0,0.0,0.0,0.0,0.0,0.0,0.0,0.0 :: 0.0,0.0,0.0,2.0,0.0,0.0,0.0,0.0,0.0,0.0 :: 0.0,0.0,0.0,0.0,0.0,0.0,0.0,0.0,0.0,0.0
0.0,0.0,0.0,0.0,0.0,0.0,0.0,0.0,0.0,0.0 :: 4.0,6.0,3.0,7.0,6.0,4.0,6.0,2.0,1.0,0.0 :: 0.0,0.0,0.0,0.0,0.0,0.0,0.0,0.0,0.0,0.0
0.0,0.0,0.0,0.0,0.0,0.0,0.0,0.0,0.0,0.0 :: 0.0,3.0,1.0,1.0,0.0,0.0,2.0,0.0,0.0,0.0 :: 0.0,0.0,0.0,0.0,0.0,0.0,0.0,0.0,0.0,0.0
