#task:neighbor
35	94
353	555
57	748
209	403
540	622
99	263
29	81
121	283
83	349
19	620
83	134
80	551
79	84
407	675
226	621
4	19
82	132
16	93
273	610
384	477
366	460
413	653
66	304
82	276
2	5
8	339
586	775
11	114
65	642
64	102
359	454
144	305
153	263
45	57
440	551
65	66
83	136
148	554
82	270
368	440
83	158
303	448
3	7
13	497
418	630
82	159
118	398
11	314
#task:path_three_nodes
383	153	87
528	525	527
85	79	158 		
7	9	1		
350	188	99
775	404	587
216	82	93
651	521	523		
57	90	151		
574	369	467		
671	612	408		
56	84	562		
481	599	386		
711	471	79	
765	581	766		
638	636	849		
37	74	214
