"Time_shortestPathAmongPairsOfNodes2_MAT,,,,,,,,, ",::," Time_selectAllCommonNeighborsOf2Nodes_MAT,,,,,,,,,"
"Q1,Q2,Q3,Q4,Q5,Q6,Q7,Q8,Q9,Q10 ",::," Q1,Q2,Q3,Q4,Q5,Q6,Q7,Q8,Q9,Q10"
"9,9,10,10,10,10,10,10,8,10 ",::," 30,30,30,30,30,30,30,25,30,30"
"10,7,8,8,8,8,7,9,8,8 ",::," 25,30,23,30,16,25,19,17,24,25"
"10,10,9,10,10,10,6,4,8,5 ",::," 20,25,25,22,13,19,16,15,19,20"
"7,3,3,7,8,10,7,8,9,6 ",::," 30,30,30,30,30,30,30,30,30,30"
"9,4,6,3,6,4,3,6,5,3 ",::," 30,18,16,26,15,30,30,30,30,21"
"10,10,3,10,6,10,3,4,8,3 ",::," 30,30,25,30,24,22,20,29,30,21"
"3,4,7,4,4,6,2,4,5,4 ",::," 16,12,5,18,16,8,10,11,12,6"
"9,8,8,7,5,6,4,5,5,3 ",::," 30,30,30,30,18,30,19,17,30,20"
"10,10,10,9,10,10,6,7,10,10 ",::," 30,30,30,30,30,30,20,24,30,30"
"10,9,7,8,7,6,8,8,7,6 ",::," 30,28,29,30,27,28,30,29,27,29"
"10,5,4,3,4,9,3,2,2,3 ",::," 30,30,30,30,30,21,30,25,30,30"
"10,10,10,4,5,9,3,2,2,2 ",::," 30,13,19,10,11,5,4,8,4,14"
"7,2,2,3,3,7,3,2,2,7 ",::," 30,30,30,30,28,24,20,28,30,30"
"6,2,3,4,5,10,5,8,2,2 ",::," 28,30,30,30,24,30,22,30,26,30"
"8,7,6,10,7,9,8,10,4,6 ",::," 30,27,25,30,30,25,30,28,27,22"
"10,10,6,6,7,5,8,6,5,7 ",::," 30,30,30,30,30,29,27,30,26,30"
"8,6,3,5,4,10,2,2,2,6 ",::," 24,27,30,24,17,29,18,22,25,24"
"10,10,5,4,7,8,9,5,10,7 ",::," 30,30,30,30,30,30,30,30,30,30"
"7,2,3,2,2,3,3,2,2,7 ",::," 30,30,30,30,30,30,30,30,30,30"
"10,6,7,6,7,6,7,6,4,8 ",::," 30,30,30,30,28,30,30,27,30,27"
"10,3,2,4,5,6,2,2,2,2 ",::," 27,24,27,27,27,29,20,26,28,23"
"10,6,8,7,10,10,3,10,8,3 ",::," 30,30,30,30,30,27,28,21,30,30"
"10,10,10,10,10,10,10,10,10,10 ",::," 30,30,30,30,30,30,30,30,30,30"
"3,2,2,2,3,10,2,1,1,2 ",::," 24,20,30,30,15,28,10,21,26,21"
"10,10,10,7,10,10,9,10,10,10 ",::," 30,30,30,30,22,27,30,28,30,30"
"10,10,10,10,10,10,10,10,10,10 ",::," 30,30,30,30,30,30,28,19,25,30"
"10,10,10,6,8,8,5,6,5,9 ",::," 30,20,30,29,23,27,17,19,30,22"
"7,3,5,3,6,9,2,3,2,2 ",::," 30,30,30,30,30,25,30,27,30,30"
"8,5,3,4,5,3,2,3,3,4 ",::," 30,25,24,30,22,26,30,30,30,25"
"5,2,2,3,4,10,1,2,1,4 ",::," 30,28,30,30,15,17,14,17,30,16"
"3,3,2,6,6,5,3,2,2,2 ",::," 23,22,27,26,15,20,18,16,21,25"
" 2,2,2,1,2,2,2,2,1,3",::,"30,30,30,30,30,21,25,20,30,27 "
" 5,3,6,5,5,9,4,3,4,3",::,"30,30,30,28,26,28,30,30,30,30 "
" 8,9,7,6,9,8,5,8,7,7",::,"30,23,24,24,15,15,18,13,21,15 "
" 10,10,10,10,10,9,7,10,10,10",::,"30,30,28,30,26,15,18,15,27,22 "
" 10,8,9,8,6,10,8,5,10,9",::,"30,30,30,30,30,30,30,30,30,30 "
" 4,10,3,8,5,10,4,3,3,3",::,"28,30,27,30,15,18,16,13,22,21 "
" 6,6,6,6,8,9,5,8,5,5",::,"25,28,27,23,15,17,16,15,18,21 "
" 10,5,6,4,3,6,6,5,6,4",::,"27,30,30,30,24,10,30,18,30,19 "
" 5,4,3,6,8,10,4,4,5,7",::,"30,30,30,30,27,30,30,30,30,30 "
" 5,6,4,10,8,7,3,3,9,4",::,"30,30,30,30,24,30,21,21,30,29 "
" 4,9,3,6,7,9,5,4,8,5",::,"30,30,30,30,29,28,25,22,28,30 "
" 10,3,2,3,4,8,2,3,2,3",::,"30,30,30,30,30,24,21,16,30,26 "
" 10,7,10,6,6,10,7,10,6,10",::,"30,30,30,30,30,30,17,30,30,30 "
" 2,1,1,2,2,10,2,3,2,1",::,"23,25,30,24,20,16,21,11,23,26 "
" 10,5,6,7,10,7,6,7,4,5",::,"29,27,30,30,30,25,26,18,30,30 "
" 7,6,4,3,5,10,2,3,3,2",::,"29,29,30,30,27,29,18,20,30,27 "
" 6,7,5,2,4,10,4,3,6,6",::,"27,27,30,25,20,23,29,30,28,25 "
" 10,10,10,10,10,10,10,10,10,10",::,"30,30,30,30,27,28,30,24,29,25 "
" 8,2,1,0,2,1,1,0,2,1",::,"30,28,30,30,21,27,26,22,28,21 "
" 5,3,3,3,4,10,3,3,4,6",::,"30,30,30,30,30,30,30,30,30,30 "
